                   占星学性格测验
   
                           ©若道星文化版权所有
以下的占星学性格测验是从整体上理解你们性格的一种方式。这是一种主观的测试，测试会要求你们在最终理解自己的星图，意识到它们之间的相关性。这样的视觉测试旨在与你的“整个人”互动，并通过你对图片的反应揭示出一系列反应，这些反应可能证实你已经了解的一部分自我，同时打开你的觉知，让你对自己产生新的了解和认识。
说明：在观察每幅图片后回答以下问题：
1.图片唤起了你怎样的感受？
2.图片中有没有哪部分让你产生了共鸣，如果有的话，是哪部分？
3.图片的主题是否让你产生了共鸣，如果是，那么这个主题是什么？
4.你是否将自己视作图中的某人？
5.你是否想成为图中的某人？
6.如果你必须选择成为图中的某人，你会选谁？为什么？
7.你是否不想成为图中的某人？如果是这样的话，那是为什么？

回答：
1.
2.
3.
4.
5.
6.
7.

回答：
1.
2.
3.
4.
5.
6.
7.

回答：
1.
2.
3.
4.
5.
6.
7.

回答：
1.
2.
3.
4.
5.
6.
7.

回答：
1.
2.
3.
4.
5.
6.
7.

回答：
1.
2.
3.
4.
5.
6.
7.

回答：
1.
2.
3.
4.
5.
6.
7.

回答：
1.
2.
3.
4.
5.
6.
7.

回答：
1.
2.
3.
4.
5.
6.
7.

回答：
1.
2.
3.
4.
5.
6.
7.
联系你自己的出生星图来思考你对于这些图片的反应。你是否观察到了你出生星图的模式与你的回答之间的关联？思考一下这个问题。这是否证实了你对自身的真实了解？你认识到了哪些新内容呢？

                                                              客服电话: 400-619-1014

                                                                                             

